function testLinearKirchoffLoveShellMultipatchAnalysis(testCase)
%% Licensing
%
% License:         BSD License
%                  cane Multiphysics default license: cane/license.txt
%
% Main authors:    Andreas Apostolatos
%
%% Function definition
%
% Test the linear Kirchoff-Love shell isogeometric analysis over the 
% 4-patch semispherical shell with internal pressure solved with the
% penalty and the Lagrange Multipliers methods
%
% Function layout :
%
% 0. Read input
%
% 1. Define the multipatch geometry
%
% 2. Define the material constants
%
% 3. GUI
%
% 4. Refinement
%
% 5. Define boundary conditions
%
% 6. Create the patches and the Lagrange Multiplier fields
%
% 7. Solve the linear coupled system using the penalty method
%
% 8. Solve the linear coupled system using the Lagrange Multipliers method
%
% 9. Verify the results
%
%% Function main body

%% 0. Read input

% Define tolerances for the check
absTol = 1e-15;
absTolRelaxed3 = 1e3*absTol;
absTolRelaxed6 = 1e6*absTol;
absTolRelaxed5 = 1e5*absTol;

% Define the expected solution in terms of displacements
expSolDispPenalty = [  0
                       0
                       0
                       0
                       0
                       0
                       0
                       0
                       0
                       0
                       0
                       0
      -0.000131354519274
      -0.030552029449812
       0.023218249864009
       0.016059246029281
      -0.031840119690926
       0.019476136272472
       0.014855654519457
      -0.002583848844329
       0.007619800453624
      -0.000120654733160
       0.000904032446019
       0.000026460875630
       0.000012798856008
      -0.022057177651347
       0.062998122502040
       0.020890516498193
      -0.020373534577474
       0.061546225238519
       0.033567611914686
      -0.004750831901927
       0.022222139469659
       0.000113020701878
       0.001177064205780
      -0.000506647667937
       0.000204178371435
       0.000324474438997
       0.063782259164256
       0.021020491067995
       0.000369819148172
       0.062899128232069
       0.033049543723284
      -0.000094147105675
       0.023845338654465
       0.000196724252908
       0.000089772350705
      -0.000343547224319
                       0
                       0
                       0
                       0
                       0
                       0
                       0
                       0
                       0
                       0
                       0
                       0
                       0
                       0
                       0
                       0
                       0
                       0
                       0
                       0
                       0
       0.000066015774873
       0.011119117946824
       0.007758285503162
       0.001694079725867
       0.011268389996061
       0.006650115387988
       0.005074988208852
       0.009980196739046
       0.005907044418178
       0.006499029532215
       0.006284661341499
       0.004639952914453
       0.004946095739782
       0.002214995966065
       0.002952195606164
       0.001733386622971
      -0.000054191285777
       0.001080039478544
       0.000012341424514
       0.000004635582789
       0.000017009067948
       0.000259502887941
       0.026143013318943
       0.026074323923411
       0.005032154295092
       0.026743204344703
       0.025008111771644
       0.013546938377341
       0.024186110608014
       0.022328266193912
       0.017896868948514
       0.015947204835671
       0.016868536609333
       0.014286889735183
       0.005989798780439
       0.009781379713518
       0.005215227432326
      -0.000094874209945
       0.003214997660440
       0.000033121335741
       0.000010730111200
       0.000051257435421
       0.000271145884887
       0.028779298518821
       0.044046278748758
       0.006675928966681
       0.028786886854691
       0.043542243394044
       0.018331829464674
       0.026215036801762
       0.039410931732945
       0.025156946761861
       0.018207767179052
       0.029894199191532
       0.021513898909713
       0.007452369020417
       0.016947177653020
       0.008411974693664
      -0.000027502333997
       0.005223884165352
       0.000046584706895
       0.000001723810493
       0.000054577094759
       0.000267129440228
       0.020579670895191
       0.056963134935311
       0.007125308063060
       0.020400462940058
       0.056171315339298
       0.019897542942115
       0.018526220800390
       0.050991922096457
       0.028130579942490
       0.013356070580564
       0.039300751203341
       0.025621896688066
       0.005938997830822
       0.022692474855881
       0.010760043021186
       0.000073547165190
       0.006903267127631
       0.000057199096219
      -0.000007334455508
      -0.000013311727608
       0.000307245989350
       0.007551689250212
       0.063020483603311
       0.007163566325068
       0.007760142540344
       0.062112277672401
       0.019944332747847
       0.007080045553183
       0.056192447067368
       0.028405415235898
       0.005201828887097
       0.043631532997371
       0.027031875381298
       0.002506654823156
       0.025973206261561
       0.011919044765918
       0.000139128727380
       0.008133473730908
       0.000074436850821
       0.000003685146170
      -0.000189712189810
       0.000183717108825
       0.000850082010778
       0.063847802986326
       0.007821552289188
       0.000971748201949
       0.063339736871078
       0.019858504904563
       0.000897085256417
       0.056966693483647
       0.028313232820724
       0.000698469847219
       0.043937733274836
       0.026839161307443
       0.000435780937367
       0.026592490928179
       0.011951534748618
       0.000175514583153
       0.008407245031332
       0.000082018131762
       0.000020913235087
      -0.000272484935067
                       0
                       0
                       0
                       0
                       0
                       0
                       0
                       0
                       0
                       0
                       0
                       0
                       0
                       0
                       0
                       0
                       0
                       0
      -0.000077628913988
       0.014296379715852
       0.009889212508117
      -0.002859639499075
       0.014650302046905
       0.008337200172824
      -0.007757821108470
       0.011462776758833
       0.007040069144183
      -0.007576956649723
       0.004520603334970
       0.004616783627710
      -0.002765422189790
      -0.000079187658462
       0.001677581434597
      -0.000019233300388
      -0.000017009209813
       0.000043602104238
      -0.000217464416317
       0.029678469002898
       0.033378855015440
      -0.007486032121540
       0.030269042535487
       0.032460678338295
      -0.019421054545148
       0.024821655463698
       0.027171097837724
      -0.020646145031475
       0.010944054802828
       0.016111950751164
      -0.008229572851621
      -0.000026608172488
       0.004851390735643
      -0.000044458956206
      -0.000050810150029
       0.000147857216301
      -0.000357792541030
       0.025087033257173
       0.053379191550268
      -0.008959509660686
       0.024784235762997
       0.052723390404461
      -0.024122386636203
       0.020836790021258
       0.044858702994643
      -0.027956502889445
       0.010398002089637
       0.027028232010367
      -0.012712710091417
       0.000197150403055
       0.007626880320425
      -0.000056034413868
      -0.000076932585149
       0.000206554856906
      -0.000291616828952
       0.009459169071016
       0.062918025451717
      -0.009173662164655
       0.009345704804740
       0.061614342193160
      -0.024629042930088
       0.007939834828414
       0.052779243361177
